0 0.0
1 0.0
2 0.0
3 0.004166666666666667
11 0.004166666666666667
13 0.008333333333333333
33 0.008333333333333333
53 0.012500000000000002
79 0.012500000000000002
82 0.016666666666666666
84 0.016666666666666666
115 0.016666666666666666
117 0.016666666666666666
119 0.016666666666666666
120 0.016666666666666666
121 0.016666666666666666
122 0.016666666666666666
123 0.020833333333333332
125 0.03333333333333333
145 0.037500000000000006
225 0.05000000000000001
768 0.05000000000000001
854 0.05416666666666667
971 0.054166666666666675
1009 0.0625
1124 0.06666666666666667
1147 0.075
1176 0.075
1681 0.07916666666666666
2159 0.07916666666666668
2179 0.07916666666666668
2190 0.08333333333333333
2307 0.08333333333333333
2313 0.09166666666666667
2345 0.09166666666666667
2368 0.09583333333333334
2377 0.1125
2652 0.12083333333333333
2737 0.1375
3404 0.1708333333333333
