0 -1
1 0.0
2 0.004166666666666667
4 0.004166666666666667
6 0.004166666666666667
11 0.004166666666666667
15 0.008333333333333333
16 0.008333333333333333
17 0.008333333333333333
19 0.012500000000000002
20 0.016666666666666666
26 0.020833333333333332
27 0.025000000000000005
38 0.04583333333333334
40 0.05833333333333334
45 0.0625
48 0.07916666666666668
51 0.08333333333333333
58 0.1125
90 0.12083333333333335
94 0.125
101 0.14166666666666666
132 0.14166666666666666
137 0.15416666666666667
139 0.1708333333333333
169 0.17500000000000002
187 0.1791666666666667
216 0.18333333333333335
227 0.1875
247 0.19166666666666665
258 0.2041666666666667
268 0.20833333333333334
273 0.24166666666666667
329 0.24583333333333332
490 0.2583333333333333
546 0.26666666666666666
565 0.26666666666666666
566 0.2791666666666667
574 0.2875
583 0.28750000000000003
586 0.31666666666666665
662 0.325
672 0.325
678 0.325
